-90 76 64 -51 51 -78 88 -71 30 8 -94 -19 -24 -16 -45 87 54 12 -31 55 
1 -52 56 17 83 -51 -6 21 -34 -5 63 -31 -80 -57 -6 40 82 -78 -3 44 
-87 -56 14 86 -74 20 -62 -55 -5 97 36 29 -14 90 25 -50 -15 62 -19 -17 
-93 5 -35 -10 53 3 -31 62 -24 12 -42 -81 81 8 -59 98 -7 62 -76 79 
4 21 20 -5 54 66 -83 22 -71 -27 -33 -42 -16 76 30 17 33 -46 -99 85 
-35 -29 -54 54 55 30 -65 26 78 26 -57 70 82 -35 -77 -25 -14 -91 -16 83 
39 35 4 -91 37 24 73 100 -83 -86 -90 -68 -71 39 12 67 74 -17 -48 54 
74 3 71 -99 -62 -30 -78 33 83 53 61 78 16 27 -28 -34 -75 -64 -100 77 
85 84 -18 90 -10 34 -55 -62 54 55 -40 -50 -81 71 -91 16 -40 5 -92 50 
58 84 79 -91 -90 -88 50 1 -50 61 -9 92 24 -43 -96 71 -28 -17 -98 95 
33 -4 51 -80 -24 45 17 67 -49 -19 -56 10 -55 64 15 54 -62 59 -93 33 
-53 70 -17 -46 -78 62 -68 -49 -9 -54 6 96 87 -5 47 17 1 13 -40 26 
65 63 79 59 -37 89 8 -56 -42 -81 -84 8 -32 -97 -74 97 83 -70 24 5 
-18 -7 73 54 0 -83 65 34 77 -67 -65 -70 -75 -58 51 64 -70 -34 74 61 
68 76 77 42 79 -98 -72 0 -41 32 63 -27 74 -1 -7 -66 -89 -70 -47 13 
-90 99 -97 -43 51 -7 74 40 85 44 57 70 -28 -78 -78 -14 0 -69 16 -25 
-86 98 26 -29 54 -38 -33 -46 54 -24 31 -21 5 70 -62 41 -18 26 37 -81 
11 35 -24 -99 1 -96 51 75 55 47 -41 54 -73 45 58 21 -69 25 -82 11 
-78 -84 -48 67 -12 -98 77 51 25 -69 20 -19 32 6 -24 66 57 37 64 -67 
-15 -32 79 79 60 80 -80 17 -99 -67 -27 -40 80 -55 -31 70 14 32 -89 31 
-84 -80 -83 52 -25 20 -19 74 49 -13 96 -32 49 -17 -56 94 -77 -50 27 79 
-27 -80 39 -90 3 -29 29 27 69 -98 51 53 94 -63 -39 69 -32 -64 -6 99 
4 57 3 91 60 -20 -48 27 -100 46 54 -85 27 -10 11 -96 18 -38 -34 37 
12 53 -71 8 82 97 -24 -66 -65 -71 -50 -31 35 26 19 -62 91 37 -86 71 
12 -40 14 92 -84 28 -74 82 1 19 -75 -12 7 -32 -92 -22 8 90 75 9 
85 -57 -13 -7 -23 -1 36 -26 -31 -67 -97 19 -30 86 -78 52 -26 13 76 94 
1 46 -91 32 -45 -91 -36 62 -56 29 97 -46 74 -5 -47 -93 47 24 47 57 
62 12 56 -8 -44 -79 58 -43 16 62 -16 55 -45 6 56 -95 -48 -98 16 83 
25 64 5 27 -19 -56 -63 -88 -33 32 -9 15 28 -71 32 77 -24 26 73 -35 
14 57 50 51 29 41 -2 -57 1 18 19 67 -71 -57 -91 -85 -15 -64 43 55 
-82 27 -11 -94 -71 -6 91 28 0 85 91 28 14 -31 -16 90 -20 -22 3 -99 
16 -92 89 -6 16 -63 -76 37 -40 77 19 -62 1 90 -19 52 -35 13 -18 8 
-45 21 70 26 -52 -73 -34 -5 74 -18 -94 -74 67 -22 84 -70 65 -59 95 48 
-81 -65 -32 -97 88 -69 -73 -49 -10 64 13 4 68 86 8 -19 91 9 54 15 
44 19 -12 91 -98 96 -79 -91 -98 69 85 -92 -20 -71 -25 -19 -10 62 78 76 
47 86 8 60 -72 10 -3 77 -63 44 -75 68 -48 28 -78 -8 -44 62 -48 -47 
-80 86 58 17 18 56 -79 92 2 -40 51 -62 -38 56 -69 62 -1 9 -78 -55 
38 -60 85 95 -19 38 -37 -46 -31 11 -13 -38 -44 71 25 92 -5 -62 -16 -78 
33 -99 -6 -34 -69 46 67 28 -58 4 24 78 -87 75 -49 60 -22 -32 -25 69 
-61 -93 -60 -62 20 -29 -87 39 -37 -8 -72 50 -28 98 -11 50 81 86 59 70 
-31 -80 -6 -8 -86 -18 76 -3 -22 -32 78 -51 89 -95 33 50 -16 14 82 32 
32 23 76 -90 -69 63 -34 21 -99 -65 29 -71 54 91 36 4 86 -44 48 -84 
-55 -80 55 67 -35 -5 38 61 88 -17 -4 -58 -51 10 16 -50 66 -18 -61 40 
21 69 -10 10 -41 -15 18 -98 -43 -2 -51 11 -20 22 14 46 -59 24 71 37 
42 -12 85 56 92 -40 9 -67 -1 38 -58 75 -24 -72 -88 -9 79 -94 77 -82 
-11 -57 82 -80 -76 -84 9 -86 62 76 56 61 52 -22 62 84 60 -51 -96 -36 
49 67 -31 -2 -73 38 15 -82 -40 -40 8 -16 -29 78 17 73 -42 62 14 -62 
77 -92 98 -67 90 -98 -9 78 -48 -89 6 -27 77 23 46 38 81 -47 -91 -41 
-63 73 98 15 24 12 -80 -62 98 -58 -8 65 29 -91 -78 54 -66 -34 -3 78 
81 -22 30 -67 -32 -83 27 92 -49 55 99 -6 95 -35 13 -87 65 -70 -18 -82 
-94 -3 -4 -40 -61 54 44 47 -92 -23 68 -44 -31 27 -3 -10 -8 -8 87 100 
9 -53 -4 -85 -96 -80 -1 94 5 4 97 4 -11 15 55 45 7 -67 23 44 
74 81 -56 -2 -92 -57 10 -96 -14 -30 -36 -89 6 89 73 94 55 24 53 -80 
55 -36 25 95 -56 -64 28 89 -78 -56 -41 -15 -78 36 4 -44 29 -20 98 34 
79 6 -61 -59 72 23 -74 -84 14 33 55 8 -76 -20 -42 1 38 -11 13 92 
-86 -66 -44 2 30 85 85 1 0 69 17 76 0 -38 39 -4 -61 -86 36 -50 
-94 87 -52 5 -42 86 11 96 -61 -93 54 -80 64 -66 -75 66 70 88 33 -91 
-27 69 1 53 -42 -58 93 -38 79 -59 -98 40 31 59 -25 -79 -90 49 -34 80 
-17 -82 50 -93 -4 -1 -76 -2 5 -3 -87 7 76 27 -48 83 81 36 28 25 
-62 -8 37 -32 4 -21 26 32 -41 -92 -45 -2 100 92 72 64 49 -29 -59 -80 
92 11 41 48 57 -52 86 29 -66 -44 -76 85 -87 -98 -27 71 -77 9 21 -19 
9 15 -73 52 68 -19 -69 -31 -22 41 65 -31 74 27 -95 50 67 12 -92 -44 
-21 -99 -88 -15 -96 -20 76 -91 73 -76 83 17 -11 83 2 87 79 31 -21 11 
-55 -92 -34 -35 -20 55 -54 29 -90 -16 24 -45 91 -72 -28 56 40 96 72 81 
63 39 -96 81 -84 54 -63 66 -68 -57 -27 30 67 75 -77 32 -51 22 -64 63 
80 20 -42 54 86 -19 -28 4 -56 -52 27 -56 -94 -10 -5 89 -57 59 76 -73 
-96 75 -2 -69 51 -38 -25 -9 0 1 75 8 -49 26 37 40 67 -17 -83 14 
-18 -58 14 31 1 93 -21 -81 68 -40 -6 -83 87 -42 12 -85 91 -79 47 74 
56 -79 39 14 96 -36 -28 69 10 -81 47 71 -59 -50 60 -36 -15 -91 60 -43 
85 36 -32 -24 37 40 11 1 -59 -54 4 -24 -51 -78 18 44 -44 71 -6 28 
2 -99 92 11 11 -77 39 75 -8 -81 34 54 34 -82 -26 -27 -48 75 -23 48 
63 11 -30 18 -14 -9 -64 95 -40 47 -81 -42 -3 -43 10 85 -8 -16 -35 61 
-7 53 -84 -49 -15 93 4 -81 -19 -9 -90 -92 83 99 23 51 -3 -29 49 29 
3 -11 -80 -72 85 86 52 8 -62 22 3 20 52 5 -96 -43 91 -58 44 -44 
-7 38 -15 -42 -69 88 -50 14 -25 -43 -73 -39 99 -32 38 55 -36 66 -2 38 
60 -20 -64 -45 53 43 -21 -87 54 -49 96 95 8 -65 1 -55 -36 84 -95 47 
83 -50 48 -47 -66 6 27 9 80 -74 -24 -30 96 69 -63 -32 -40 63 -16 -34 
100 -77 82 83 -81 61 -33 -73 79 32 72 -59 -33 -26 -39 57 67 -68 -76 -61 
-4 30 -38 32 94 -70 8 -73 68 99 35 0 -15 -34 -80 55 -34 -21 21 -65 
81 33 20 -68 20 -22 61 84 -92 -46 56 36 -51 3 -12 56 -58 -45 -90 41 
-11 -63 -54 91 89 56 27 -88 44 -48 -78 -97 39 -68 -91 -8 89 87 82 6 
36 -53 -17 52 -92 -47 -6 48 28 51 39 87 -69 -52 78 14 -53 11 8 -58 
6 37 61 -100 -61 -11 39 29 54 3 16 67 -94 -1 -78 36 1 -13 59 -47 
-34 -77 20 -13 -6 -82 48 -82 -25 25 61 52 54 92 -96 73 -67 18 10 32 
-55 -16 31 -47 30 -84 -61 10 44 48 55 -56 79 69 -21 3 26 -10 -91 52 
-57 36 -84 -45 31 54 -10 6 -28 -74 82 -26 71 34 -69 -92 55 78 -31 71 
-77 76 93 -46 22 59 -68 -58 24 17 -10 -57 22 35 -44 -11 43 -37 47 -23 
95 -56 84 -64 7 50 -79 -33 28 -88 79 11 57 -1 7 -94 -49 -35 13 73 
-29 -11 -98 -90 27 21 65 -7 80 56 -79 -11 54 44 11 -20 -2 -63 18 39 
-71 41 56 -22 -30 -96 90 18 47 75 -35 -26 68 -24 -34 55 42 -93 -96 40 
-51 -47 59 80 -21 -9 -14 -14 86 36 -74 -87 15 -91 85 85 17 -50 -38 36 
78 45 88 28 91 -89 52 -73 99 -83 -85 -78 62 -55 18 -42 -34 30 23 -71 
-19 -65 56 -15 39 -38 81 63 -9 -20 100 36 -58 -17 -17 -57 -92 78 -67 28 
-24 -94 -15 -97 -65 -41 20 83 14 62 65 -18 83 -34 65 -86 22 84 41 -59 
-59 -95 74 61 32 -72 -45 18 68 71 26 2 87 -76 -27 -51 81 -94 -10 14 
24 7 -57 57 5 -59 21 4 93 -81 61 -59 29 24 32 74 -67 -80 62 -84 
-4 -64 -31 39 -87 -96 86 78 -57 94 81 -55 7 -35 16 -55 58 53 -69 45 
-39 -21 71 -28 -82 35 65 -47 2 88 -78 25 51 -64 -63 22 36 -29 60 0 
60 -55 98 72 44 -44 82 67 -93 -17 -19 33 -61 0 33 1 -98 -68 12 -44 
95 -77 96 -6 36 18 -71 -97 83 68 19 95 -8 98 -70 -48 -56 -37 -44 -87 
89 -88 -34 24 87 8 -40 82 -23 9 -79 -70 -23 53 80 32 20 -98 -29 -4 
-22 40 -53 -81 60 -47 51 50 25 41 97 -3 -6 97 -96 -30 -47 49 -89 -40 
-60 24 3 85 -27 93 30 -22 -68 42 29 -27 -75 87 -4 -66 -63 -28 14 27 
81 98 70 -65 6 96 -91 -35 -98 73 -44 -61 31 -64 22 5 -34 31 -79 53 
-93 70 54 91 79 -83 -46 3 39 -97 -1 -34 68 -56 24 -96 7 -38 24 79 
66 -86 99 34 62 4 -28 -29 -37 29 -58 -74 57 0 38 -32 66 19 -36 -99 
-15 -24 -36 -78 93 54 90 35 -76 100 -74 -29 1 -87 -93 -1 40 -64 98 61 
-64 46 -86 -13 43 49 -82 11 80 30 86 -26 33 -6 59 37 -69 -44 -4 -84 
16 85 -7 91 41 -72 -92 -90 -45 10 28 43 -66 -99 64 86 -86 -29 89 28 
-45 -34 -43 87 52 -82 -22 21 49 17 -52 -44 2 -7 -76 61 -6 62 45 9 
5 -20 2 20 68 -68 31 36 74 -94 99 -95 -86 27 -99 11 70 75 -93 34 
-91 -78 35 -96 7 -25 -36 32 87 -16 4 9 21 63 74 -51 7 36 18 -4 
-57 -74 -74 74 -28 -92 81 90 -24 -36 32 95 21 -51 24 -11 38 -10 86 -88 
4 5 24 18 16 49 -85 51 -32 66 -65 4 17 -93 -68 16 78 7 -22 4 
-19 51 4 79 27 -83 0 -87 91 -97 47 -3 85 -23 -59 -34 -89 32 88 -14 
5 -42 45 63 -60 -62 23 -28 -94 -7 -20 63 -12 98 87 -35 91 -27 -66 -26 
56 -59 7 -15 77 28 20 -96 -46 -14 86 7 -39 73 -88 96 -40 36 -1 -94 
40 -65 96 78 -50 24 10 -7 85 -50 44 -98 -28 -32 -59 5 77 24 -9 -88 
-90 -9 40 40 80 -4 -21 -81 -60 72 -84 68 74 -10 -88 -92 1 94 24 42 
-52 -54 -8 48 20 -38 -45 48 75 11 -13 -93 -95 67 66 -20 83 3 -22 13 
73 47 -58 33 -66 96 -40 9 -3 76 1 -40 -89 96 53 1 28 -99 -85 -38 
99 -9 -95 69 -66 -92 -41 35 -22 4 -18 -72 98 -78 12 57 42 54 22 -4 
-32 -43 -21 -2 -54 -95 28 96 53 99 15 -59 40 -100 79 -10 -90 6 41 45 
36 -56 61 -1 -33 99 45 74 53 4 -21 -80 -29 -100 -35 72 34 -28 -57 -44 
-30 -40 -87 62 -82 -16 44 35 83 -12 -60 -61 69 48 7 -4 73 -18 23 -39 
-53 19 35 76 42 -29 82 13 -5 -20 -71 15 0 66 96 -64 -69 -19 -81 -37 
18 -24 1 98 -66 -48 59 10 68 51 50 -39 -82 -59 65 -3 16 -25 -46 -49 
-73 -85 73 -7 -25 20 -73 34 70 3 -44 16 -58 16 11 -11 68 69 77 -86 
-23 61 9 -51 64 -33 -19 -27 -66 67 43 85 -69 90 -10 100 -54 -81 -69 -21 
-34 -6 54 77 -50 -38 -98 27 3 34 -92 38 91 74 -23 23 -26 -52 -61 52 
-80 -46 34 9 86 -10 -84 13 25 88 25 -79 69 96 57 -56 -62 -66 68 -91 
78 89 -9 -65 -88 -29 -35 51 -63 51 -66 18 -35 74 60 26 42 -77 30 -58 
-54 -88 27 92 24 -27 71 -42 -47 69 -5 91 -33 -78 11 78 12 -24 -64 -18 
27 -17 -62 74 -1 84 -14 -59 40 37 -84 58 -32 46 61 -48 -45 32 -9 -91 
-30 51 -80 -97 65 41 -27 48 -30 8 -77 -49 30 -39 90 57 39 -31 -30 54 
39 -28 29 58 77 -45 -13 33 54 -95 -73 62 -64 -26 97 -97 -91 72 40 -34 
-25 -93 -55 79 -15 -67 -59 -64 43 -15 67 7 69 82 98 -11 -4 -97 42 14 
-18 9 44 -34 -52 69 20 -7 -86 34 42 25 -63 -46 46 -48 90 -29 -10 11 
14 -87 16 -26 -62 -8 16 86 84 -39 71 54 -15 73 -63 -98 -44 92 11 -81 
-41 57 -100 76 -88 -3 38 -9 98 -35 75 -77 96 -96 -7 -84 67 -85 35 78 
-41 -82 27 -97 92 38 22 25 97 -28 -81 -47 65 32 98 -84 -7 -36 42 -39 
-18 -86 -38 72 31 -57 -59 12 -24 -20 19 5 49 -10 57 7 54 81 -48 -32 
-7 32 -37 6 -6 6 12 18 52 79 -70 -60 9 58 94 -80 -34 -7 -17 -52 
-32 -13 74 91 40 38 35 46 87 -40 -85 77 -57 -79 -71 -75 46 39 -59 -69 
50 -51 30 2 12 32 -90 79 62 -45 73 -26 37 -86 -14 67 -50 -28 29 -86 
-28 53 -33 27 41 -54 94 -43 6 96 -45 -27 41 -82 -64 82 -52 -24 -8 15 
-60 -32 48 -90 -71 -11 71 35 87 71 -1 -90 -56 97 -14 71 20 -46 23 -57 
-63 33 79 -64 12 -45 -85 39 52 46 52 -12 26 -65 -11 -47 52 -11 37 -30 
-12 88 -94 61 -97 18 4 93 0 4 52 55 17 -32 -26 -60 38 -1 -59 -55 
48 -22 78 85 65 -18 -64 68 -76 -85 -47 70 -2 -31 22 -49 -82 41 -78 71 
-51 92 45 14 7 -46 19 75 -63 -79 -39 98 -30 27 -52 -8 -13 -98 63 37 
-94 18 20 15 87 100 -29 -5 36 -70 82 24 -85 54 -62 -75 -41 19 69 -67 
-42 86 51 36 -17 -70 -59 11 68 17 -59 -81 48 77 85 -3 -8 -88 -55 0 
25 63 28 -57 -18 -71 -15 69 17 38 35 30 24 -1 -70 62 -30 -78 14 -68 
15 -35 -71 -59 -58 -76 60 -90 -21 76 23 -19 -30 73 42 89 26 -26 30 45 
83 61 -75 24 -1 16 -8 10 -34 -12 67 8 -67 91 3 43 -65 -68 -51 -28 
14 -77 -67 -92 32 -49 41 -46 -65 81 -83 22 12 90 -26 48 39 13 10 98 
-87 34 48 -29 55 -14 -27 9 10 -30 14 80 95 -13 4 -100 30 -95 71 -60 
-61 45 25 100 -90 -28 24 67 -93 38 35 27 23 -20 -11 -52 -36 11 69 -79 
-83 -87 57 75 7 71 -42 15 13 86 -11 20 26 42 31 -2 -71 -64 -7 -80 
-16 -25 24 -29 -39 -33 -26 63 6 90 29 9 78 -25 17 -26 -99 18 -51 30 
-82 -54 61 -93 26 -23 65 -19 3 -84 -42 37 75 -64 84 4 -49 58 74 18 
74 -69 -62 -54 -5 4 77 -73 58 31 -88 46 39 29 -12 -67 -64 75 0 55 
95 52 -14 -59 61 31 9 37 -97 -46 23 -54 -98 35 6 -11 -100 -54 81 99 
-75 -40 54 70 65 72 5 -83 -81 24 53 38 93 -53 -61 -95 77 -23 -80 33 
75 -30 -53 -92 -42 79 -67 14 8 8 63 9 36 98 -90 80 -6 -80 -61 49 
17 71 -19 83 -20 8 52 -95 85 -19 -4 -42 -70 76 56 10 -71 -43 0 -80 
-50 -95 71 84 81 -90 -27 83 -63 89 -53 -54 -73 77 -79 -18 41 45 61 -36 
-26 5 85 -56 26 3 -56 75 -17 -20 -63 -24 43 -13 87 -81 73 38 -40 -43 
73 -71 83 37 37 -87 -21 -65 -12 -26 84 100 -36 -68 -93 -27 -84 31 51 91 
58 51 77 34 -90 80 -85 94 -55 -70 -40 -90 -33 36 40 22 -48 -2 0 16 
-48 -35 86 62 -18 59 -28 -60 -73 -10 -35 6 9 -87 36 9 64 86 22 -48 
-44 -16 69 15 -49 47 42 89 -23 -95 -37 11 -81 36 -20 -83 81 96 -13 -31 
-57 32 -87 63 -38 23 -72 -11 29 66 16 -9 -94 93 92 98 -50 -48 -18 -35 
-42 -52 37 4 37 43 -55 46 68 -97 85 -32 -44 97 -72 -28 18 -20 -2 4 
-52 -52 -89 98 76 -45 40 -15 -20 -47 79 81 66 -46 -31 2 64 -49 -68 5 
39 -79 6 -73 -60 90 94 83 -41 -7 65 -97 -22 41 -65 71 -59 -7 77 -60 
-42 -83 -38 89 -43 -95 -6 83 0 41 -43 45 90 -65 9 18 -37 8 36 28 
-36 16 -10 1 30 -67 81 44 9 -64 -95 77 -29 52 1 -67 -13 -22 18 70 
98 -26 -57 -76 28 -18 -43 -80 84 54 47 74 43 7 -50 -7 -83 0 -38 38 
-20 -63 -33 99 20 -5 63 -8 -38 26 77 -71 -73 -60 73 -76 -1 21 -2 65 
85 74 -57 3 -37 -40 -20 15 -34 88 -56 -99 87 99 -21 -57 -56 -1 9 13 
5 -22 2 -83 -72 56 55 -62 -43 39 -53 71 20 -18 -2 62 14 -14 -22 65 
81 68 96 -96 75 -72 54 8 -3 -62 41 16 -9 -89 77 -74 -71 -18 -42 16 
86 -18 -1 -38 -17 -37 61 73 -46 23 87 89 -38 -73 -98 76 -74 -43 69 -85 
22 71 41 73 20 -16 58 -57 -1 -91 -22 -10 -50 82 -5 26 -71 34 -76 -33 
94 -55 -88 -25 61 74 4 -51 -50 1 48 -4 -87 -57 36 89 74 94 -86 -76 
-44 -75 -30 -37 96 58 -88 -52 -67 77 73 -8 69 -42 -18 13 35 18 -42 58 
93 76 -50 -93 -56 31 66 62 5 3 9 -65 -58 -97 -6 41 -64 -69 70 98 
-63 -4 82 -10 -57 6 -48 72 59 -49 -77 -51 -94 -73 -12 66 29 33 91 96 
-57 74 84 -99 9 -39 61 87 52 -97 -33 93 30 51 -76 -37 -26 19 -39 -62 
23 -89 83 21 -83 -47 21 -7 56 -9 17 -2 -100 -37 -92 18 95 60 -19 85 
86 -5 -64 -25 76 -33 91 -15 16 63 -64 44 59 47 -85 -60 8 -38 -82 -23 
89 -37 31 -12 -57 57 44 56 -85 -4 -99 40 -70 27 -80 20 38 41 63 -69 
54 65 -78 -71 -17 -25 21 -57 83 -81 -19 -54 63 60 12 64 68 -83 -46 37 
63 -85 -27 -70 -66 -61 -34 92 54 59 62 -81 81 78 -52 -45 30 33 -19 -16 
-80 77 -53 -93 -1 99 -79 -85 -16 7 1 3 19 -55 72 10 27 41 67 34 
-61 -17 -77 65 2 75 -55 73 8 -85 -9 81 48 11 -92 -16 -57 80 -53 75 
-84 54 -36 -21 69 17 27 -82 38 44 -56 50 78 84 -18 2 -79 -53 20 -59 
-70 89 95 6 49 -93 -69 -24 70 -61 44 -55 -15 -11 47 53 81 -18 -84 -38 

